1 8 40 71 87 56 26 18 13 72 57 73 41 27 19 42 74 88 58 75 28 5 3 29 20 89 76 90 60 44 77 61 30 59 43 14 31 21 9 46 91 78 63 32 45 62 22 48 64 33 47 15 34 23 79 92 65 93 80 49 35 6 10 2 11 16 7 94 81 95 66 82 50 36 24 52 37 51 67 96 83 97 17 53 98 84 68 38 25 100 86 70 55 39 54 85 99 69 12 4
1 8 72 57 73 41 27 19 42 74 88 58 75 28 13 40 71 87 56 26 18 5 3 31 21 14 29 20 89 76 90 60 44 77 61 30 59 43 9 34 23 79 92 65 93 80 49 35 15 46 91 78 63 32 45 62 22 48 64 33 47 6 10 2 11 16 7 53 98 84 68 38 25 100 86 70 55 39 54 85 99 69 17 94 81 95 66 82 50 36 24 52 37 51 67 96 83 97 12 4
1 53 98 84 68 38 25 100 86 70 55 39 54 85 99 69 17 94 81 95 66 82 50 36 24 52 37 51 67 96 83 97 12 7 11 16 4 2 5 8 72 57 73 41 27 19 42 74 88 58 75 28 13 40 71 87 56 26 18 3 10 6 31 21 14 29 20 89 76 90 60 44 77 61 30 59 43 9 34 23 79 92 65 93 80 49 35 15 46 91 78 63 32 45 62 22 48 64 33 47
1 4 50 94 81 95 66 82 36 24 52 37 67 96 83 97 51 17 98 84 68 53 38 25 55 100 86 70 39 85 99 69 54 12 7 11 16 2 10 6 29 20 77 61 44 89 76 90 60 30 43 59 14 31 21 9 91 78 63 46 32 62 45 22 64 48 33 47 15 34 23 49 79 92 65 93 80 35 3 5 8 71 87 56 40 26 18 13 41 72 57 73 27 19 74 88 58 75 42 28
1 4 12 50 82 66 94 81 95 36 24 52 37 96 83 97 67 51 17 68 98 84 53 38 25 55 70 100 86 39 69 85 99 54 7 16 11 2 10 6 63 91 78 46 32 62 45 22 64 48 33 47 15 34 23 49 93 80 65 79 92 35 9 29 20 61 77 44 60 89 76 90 30 43 59 14 31 21 3 5 56 71 87 40 26 18 13 41 73 57 72 27 19 75 58 74 88 42 28 8
1 4 12 52 37 96 83 97 67 51 24 50 82 66 94 81 95 36 17 55 70 100 86 39 69 85 99 54 25 68 98 84 53 38 7 16 11 2 10 6 64 48 33 47 22 63 91 78 46 32 62 45 15 49 93 80 65 79 92 35 23 34 9 61 77 44 60 89 76 90 30 43 59 20 29 14 21 31 3 5 18 56 71 87 40 26 13 75 58 74 88 42 28 19 41 73 57 72 27 8
1 4 12 50 82 66 94 81 95 36 24 52 37 96 83 97 67 51 17 68 98 84 53 38 25 55 70 100 86 39 69 85 99 54 7 16 11 2 10 6 63 91 78 46 32 62 45 22 64 48 33 47 15 34 23 49 93 80 65 79 92 35 9 29 20 61 77 44 60 89 76 90 30 43 59 14 31 21 3 5 56 71 87 40 26 18 13 41 73 57 72 27 19 75 58 74 88 42 28 8
1 4 50 94 81 95 66 82 36 24 52 37 67 96 83 97 51 17 98 84 68 53 38 25 55 100 86 70 39 85 99 69 54 12 7 11 16 2 10 6 29 20 77 61 44 89 76 90 60 30 43 59 14 31 21 9 91 78 63 46 32 62 45 22 64 48 33 47 15 34 23 49 79 92 65 93 80 35 3 5 8 71 87 56 40 26 18 13 41 72 57 73 27 19 74 88 58 75 42 28
1 4 52 37 67 96 83 97 51 24 50 94 81 95 66 82 36 17 55 100 86 70 39 85 99 69 54 25 98 84 68 53 38 12 7 11 16 2 10 6 77 61 44 89 76 90 60 30 43 59 20 29 14 21 31 9 64 48 33 47 22 91 78 63 46 32 62 45 15 49 79 92 65 93 80 35 23 34 3 5 8 18 71 87 56 40 26 13 74 88 58 75 42 28 19 41 72 57 73 27
4 52 37 67 96 83 97 51 24 50 94 81 95 66 82 36 17 55 100 86 70 39 85 99 69 54 25 98 84 68 53 38 12 7 11 16 2 10 6 77 61 44 89 76 90 60 30 43 59 20 29 14 21 31 9 64 48 33 47 22 91 78 63 46 32 62 45 15 49 79 92 65 93 80 35 23 34 3 5 8 18 71 87 56 40 26 13 74 88 58 75 42 28 19 41 72 57 73 27 1
4 12 52 37 96 83 97 67 51 24 50 82 66 94 81 95 36 17 55 70 100 86 39 69 85 99 54 25 68 98 84 53 38 7 16 11 2 10 6 64 48 33 47 22 63 91 78 46 32 62 45 15 49 93 80 65 79 92 35 23 34 9 61 77 44 60 89 76 90 30 43 59 20 29 14 21 31 3 5 18 56 71 87 40 26 13 75 58 74 88 42 28 19 41 73 57 72 27 8 1
4 12 55 70 100 86 39 69 85 99 54 25 68 98 84 53 38 17 52 37 96 83 97 67 51 24 50 82 66 94 81 95 36 7 16 11 2 10 6 49 93 80 65 79 92 35 23 34 15 64 48 33 47 22 63 91 78 46 32 62 45 9 21 31 14 61 77 44 60 89 76 90 30 43 59 20 29 3 5 75 58 74 88 42 28 19 41 73 57 72 27 13 18 56 71 87 40 26 8 1
49 93 80 65 79 92 35 23 34 15 64 48 33 47 22 63 91 78 46 32 62 45 9 21 31 14 61 77 44 60 89 76 90 30 43 59 20 29 6 10 3 75 58 74 88 42 28 19 41 73 57 72 27 13 18 56 71 87 40 26 8 5 2 4 16 11 7 12 55 70 100 86 39 69 85 99 54 25 68 98 84 53 38 17 52 37 96 83 97 67 51 24 50 82 66 94 81 95 36 1
35 49 93 80 65 79 92 23 34 15 47 33 64 48 22 62 45 32 63 91 78 46 9 21 31 14 43 59 30 61 77 44 60 89 76 90 20 29 6 10 3 28 75 58 74 88 42 19 27 41 73 57 72 13 18 26 56 71 87 40 8 5 2 4 16 11 7 12 69 85 99 54 39 55 70 100 86 25 38 68 98 84 53 17 96 83 97 67 51 37 52 24 36 50 82 66 94 81 95 1
10 6 49 93 80 65 79 92 35 23 34 15 64 48 33 47 22 63 91 78 46 32 62 45 9 21 31 14 61 77 44 60 89 76 90 30 43 59 20 29 3 5 75 58 74 88 42 28 19 41 73 57 72 27 13 18 56 71 87 40 26 8 2 4 12 55 70 100 86 39 69 85 99 54 25 68 98 84 53 38 17 52 37 96 83 97 67 51 24 50 82 66 94 81 95 36 7 16 11 1
10 6 64 48 33 47 22 63 91 78 46 32 62 45 15 49 93 80 65 79 92 35 23 34 9 61 77 44 60 89 76 90 30 43 59 20 29 14 21 31 3 5 18 56 71 87 40 26 13 75 58 74 88 42 28 19 41 73 57 72 27 8 2 4 12 52 37 96 83 97 67 51 24 50 82 66 94 81 95 36 17 55 70 100 86 39 69 85 99 54 25 68 98 84 53 38 7 16 11 1
10 6 47 33 64 48 22 62 45 32 63 91 78 46 15 35 49 93 80 65 79 92 23 34 9 43 59 30 61 77 44 60 89 76 90 20 29 14 21 31 3 5 18 26 56 71 87 40 13 28 75 58 74 88 42 19 27 41 73 57 72 8 2 4 12 96 83 97 67 51 37 52 24 36 50 82 66 94 81 95 17 69 85 99 54 39 55 70 100 86 25 38 68 98 84 53 7 16 11 1
10 6 47 33 64 48 22 62 45 32 63 91 78 46 15 35 49 93 80 65 79 92 23 34 9 43 59 30 61 77 44 60 89 76 90 20 29 14 21 31 3 5 18 26 56 71 87 40 13 28 75 58 74 88 42 19 27 41 73 57 72 8 2 4 12 96 83 97 67 51 37 52 24 36 50 82 66 94 81 95 17 69 85 99 54 39 55 70 100 86 25 38 68 98 84 53 7 16 11 1
10 6 47 33 64 48 22 62 45 32 91 78 63 46 15 35 49 79 92 65 93 80 23 34 9 43 59 30 77 61 44 89 76 90 60 20 29 14 21 31 3 5 18 26 71 87 56 40 13 28 74 88 58 75 42 19 27 41 72 57 73 8 2 4 12 67 96 83 97 51 37 52 24 36 50 94 81 95 66 82 17 85 99 69 54 39 55 100 86 70 25 38 98 84 68 53 7 16 11 1
10 6 35 49 79 92 65 93 80 23 34 15 47 33 64 48 22 62 45 32 91 78 63 46 9 21 31 14 43 59 30 77 61 44 89 76 90 60 20 29 3 5 28 74 88 58 75 42 19 27 41 72 57 73 13 18 26 71 87 56 40 8 2 4 12 85 99 69 54 39 55 100 86 70 25 38 98 84 68 53 17 67 96 83 97 51 37 52 24 36 50 94 81 95 66 82 7 16 11 1
10 6 35 49 79 92 65 93 80 23 34 15 47 33 64 48 22 62 45 32 91 78 63 46 9 21 31 14 43 59 30 77 61 44 89 76 90 60 20 29 3 5 28 74 88 58 75 42 19 27 41 72 57 73 13 18 26 71 87 56 40 8 2 4 12 85 99 69 54 39 55 100 86 70 25 38 98 84 68 53 17 67 96 83 97 51 37 52 24 36 50 94 81 95 66 82 7 16 11 1
10 6 35 49 92 79 65 80 93 23 34 15 47 33 64 48 22 62 45 32 78 91 63 46 9 21 31 14 43 59 30 77 61 44 90 76 89 60 20 29 3 5 28 88 74 58 75 42 19 27 41 72 57 73 13 18 26 87 71 56 40 8 2 4 12 99 85 69 54 39 55 86 100 70 25 38 84 98 68 53 17 67 97 83 96 51 37 52 24 36 50 95 81 94 66 82 7 16 11 1
10 6 35 49 92 79 65 80 93 23 34 15 47 33 64 48 22 62 45 32 78 91 63 46 9 21 31 14 43 59 30 77 61 44 90 76 89 60 20 29 3 5 28 88 74 58 75 42 19 27 41 72 57 73 13 18 26 87 71 56 40 8 2 4 12 99 85 69 54 39 55 86 100 70 25 38 84 98 68 53 17 67 97 83 96 51 37 52 24 36 50 95 81 94 66 82 7 16 11 1
10 6 49 92 79 65 80 93 35 23 34 15 64 48 33 47 22 78 91 63 46 32 62 45 9 21 31 14 77 61 44 90 76 89 60 30 43 59 20 29 3 5 88 74 58 75 42 28 19 41 72 57 73 27 13 18 87 71 56 40 26 8 2 4 12 55 86 100 70 39 99 85 69 54 25 84 98 68 53 38 17 52 37 67 97 83 96 51 24 50 95 81 94 66 82 36 7 16 11 1
1 10 6 49 92 79 65 80 93 35 23 34 15 64 48 33 47 22 78 91 63 46 32 62 45 9 21 31 14 77 61 44 90 76 89 60 30 43 59 20 29 3 5 88 74 58 75 42 28 19 41 72 57 73 27 13 18 87 71 56 40 26 8 2 4 12 55 86 100 70 39 99 85 69 54 25 84 98 68 53 38 17 52 37 67 97 83 96 51 24 50 95 81 94 66 82 36 7 16 11
1 10 6 34 23 49 92 79 65 80 93 35 15 78 91 63 46 32 62 45 22 64 48 33 47 9 31 21 14 29 20 77 61 44 90 76 89 60 30 43 59 3 5 41 72 57 73 27 19 88 74 58 75 42 28 13 87 71 56 40 26 18 8 2 4 12 84 98 68 53 38 25 55 86 100 70 39 99 85 69 54 17 50 95 81 94 66 82 36 24 52 37 67 97 83 96 51 7 16 11
1 10 6 34 23 92 79 65 80 93 49 35 15 46 78 91 63 32 45 62 22 48 64 33 47 9 31 21 14 29 20 90 76 89 60 44 77 61 30 59 43 3 5 72 57 73 41 27 19 42 88 74 58 75 28 13 40 87 71 56 26 18 8 2 4 12 53 84 98 68 38 25 86 100 70 55 39 54 99 85 69 17 95 81 94 66 82 50 36 24 52 37 51 67 97 83 96 7 16 11
1 5 87 71 56 40 26 18 13 41 72 57 73 27 19 88 74 58 75 42 28 8 3 10 6 78 91 63 46 32 62 45 22 64 48 33 47 15 34 23 49 92 79 65 80 93 35 9 29 20 77 61 44 90 76 89 60 30 43 59 14 31 21 2 12 50 95 81 94 66 82 36 24 52 37 67 97 83 96 51 17 84 98 68 53 38 25 55 86 100 70 39 99 85 69 54 7 16 11 4
1 5 26 87 71 56 40 18 13 27 41 72 57 73 19 28 88 74 58 75 42 8 3 10 6 62 45 32 78 91 63 46 22 47 33 64 48 15 34 23 35 49 92 79 65 80 93 9 29 20 43 59 30 77 61 44 90 76 89 60 14 31 21 2 12 36 50 95 81 94 66 82 24 67 97 83 96 51 37 52 17 38 84 98 68 53 25 99 85 69 54 39 55 86 100 70 7 16 11 4
1 5 18 26 87 71 56 40 13 28 88 74 58 75 42 19 27 41 72 57 73 8 3 10 6 47 33 64 48 22 62 45 32 78 91 63 46 15 35 49 92 79 65 80 93 23 34 9 43 59 30 77 61 44 90 76 89 60 20 29 14 21 31 2 12 67 97 83 96 51 37 52 24 36 50 95 81 94 66 82 17 99 85 69 54 39 55 86 100 70 25 38 84 98 68 53 7 16 11 4
1 16 11 7 12 67 97 83 96 51 37 52 24 36 50 95 81 94 66 82 17 99 85 69 54 39 55 86 100 70 25 38 84 98 68 53 4 2 18 26 87 71 56 40 13 28 88 74 58 75 42 19 27 41 72 57 73 8 5 3 47 33 64 48 22 62 45 32 78 91 63 46 15 35 49 92 79 65 80 93 23 34 9 43 59 30 77 61 44 90 76 89 60 20 29 14 21 31 6 10
1 16 11 7 12 36 50 95 81 94 66 82 24 67 97 83 96 51 37 52 17 38 84 98 68 53 25 99 85 69 54 39 55 86 100 70 4 2 26 87 71 56 40 18 13 27 41 72 57 73 19 28 88 74 58 75 42 8 5 3 62 45 32 78 91 63 46 22 47 33 64 48 15 34 23 35 49 92 79 65 80 93 9 29 20 43 59 30 77 61 44 90 76 89 60 14 31 21 6 10
1 16 11 7 12 50 95 81 94 66 82 36 24 52 37 67 97 83 96 51 17 84 98 68 53 38 25 55 86 100 70 39 99 85 69 54 4 2 87 71 56 40 26 18 13 41 72 57 73 27 19 88 74 58 75 42 28 8 5 3 78 91 63 46 32 62 45 22 64 48 33 47 15 34 23 49 92 79 65 80 93 35 9 29 20 77 61 44 90 76 89 60 30 43 59 14 31 21 6 10
1 4 16 11 7 12 53 84 98 68 38 25 86 100 70 55 39 54 99 85 69 17 95 81 94 66 82 50 36 24 52 37 51 67 97 83 96 2 34 23 92 79 65 80 93 49 35 15 46 78 91 63 32 45 62 22 48 64 33 47 9 31 21 14 29 20 90 76 89 60 44 77 61 30 59 43 6 10 3 72 57 73 41 27 19 42 88 74 58 75 28 13 40 87 71 56 26 18 8 5
1 4 16 11 7 12 38 53 84 98 68 25 54 99 85 69 39 86 100 70 55 17 36 95 81 94 66 82 50 24 51 67 97 83 96 37 52 2 34 23 35 92 79 65 80 93 49 15 45 62 32 46 78 91 63 22 47 33 48 64 9 31 21 14 29 20 59 43 30 90 76 89 60 44 77 61 6 10 3 27 72 57 73 41 19 28 42 88 74 58 75 13 26 40 87 71 56 18 8 5
1 4 16 11 7 12 38 84 98 68 53 25 99 85 69 54 39 55 86 100 70 17 36 50 95 81 94 66 82 24 67 97 83 96 51 37 52 2 34 23 35 49 92 79 65 80 93 15 62 45 32 78 91 63 46 22 47 33 64 48 9 31 21 14 29 20 43 59 30 77 61 44 90 76 89 60 6 10 3 27 41 72 57 73 19 28 88 74 58 75 42 13 26 87 71 56 40 18 8 5
1 4 16 11 7 12 99 85 69 54 39 55 86 100 70 25 38 84 98 68 53 17 67 97 83 96 51 37 52 24 36 50 95 81 94 66 82 2 35 49 92 79 65 80 93 23 34 15 47 33 64 48 22 62 45 32 78 91 63 46 9 21 31 14 43 59 30 77 61 44 90 76 89 60 20 29 6 10 3 28 88 74 58 75 42 19 27 41 72 57 73 13 18 26 87 71 56 40 8 5
1 4 16 11 7 12 54 99 85 69 39 86 100 70 55 25 38 53 84 98 68 17 51 67 97 83 96 37 52 24 36 95 81 94 66 82 50 2 35 92 79 65 80 93 49 23 34 15 47 33 48 64 22 45 62 32 46 78 91 63 9 21 31 14 59 43 30 90 76 89 60 44 77 61 20 29 6 10 3 28 42 88 74 58 75 19 27 72 57 73 41 13 18 26 40 87 71 56 8 5
1 4 16 11 7 12 99 85 69 54 39 55 86 100 70 25 38 84 98 68 53 17 67 97 83 96 51 37 52 24 36 50 95 81 94 66 82 2 35 49 92 79 65 80 93 23 34 15 47 33 64 48 22 62 45 32 78 91 63 46 9 21 31 14 43 59 30 77 61 44 90 76 89 60 20 29 6 10 3 28 88 74 58 75 42 19 27 41 72 57 73 13 18 26 87 71 56 40 8 5
1 4 16 11 7 12 55 86 100 70 39 99 85 69 54 25 84 98 68 53 38 17 52 37 67 97 83 96 51 24 50 95 81 94 66 82 36 2 49 92 79 65 80 93 35 23 34 15 64 48 33 47 22 78 91 63 46 32 62 45 9 21 31 14 77 61 44 90 76 89 60 30 43 59 20 29 6 10 3 88 74 58 75 42 28 19 41 72 57 73 27 13 18 87 71 56 40 26 8 5
1 4 16 11 7 12 55 100 86 70 39 85 99 69 54 25 98 84 68 53 38 17 52 37 67 96 83 97 51 24 50 94 81 95 66 82 36 2 49 79 92 65 93 80 35 23 34 15 64 48 33 47 22 91 78 63 46 32 62 45 9 21 31 14 77 61 44 89 76 90 60 30 43 59 20 29 6 10 3 74 88 58 75 42 28 19 41 72 57 73 27 13 18 71 87 56 40 26 8 5
1 4 16 11 7 12 55 70 100 86 39 69 85 99 54 25 68 98 84 53 38 17 52 37 96 83 97 67 51 24 50 82 66 94 81 95 36 2 49 93 80 65 79 92 35 23 34 15 64 48 33 47 22 63 91 78 46 32 62 45 9 21 31 14 61 77 44 60 89 76 90 30 43 59 20 29 6 10 3 75 58 74 88 42 28 19 41 73 57 72 27 13 18 56 71 87 40 26 8 5
1 4 12 69 85 99 54 39 55 70 100 86 25 38 68 98 84 53 17 96 83 97 67 51 37 52 24 36 50 82 66 94 81 95 7 16 11 2 10 6 35 49 93 80 65 79 92 23 34 15 47 33 64 48 22 62 45 32 63 91 78 46 9 21 31 14 43 59 30 61 77 44 60 89 76 90 20 29 3 5 28 75 58 74 88 42 19 27 41 73 57 72 13 18 26 56 71 87 40 8
1 4 12 69 85 99 54 39 55 70 100 86 25 38 68 98 84 53 17 96 83 97 67 51 37 52 24 36 50 82 66 94 81 95 7 16 11 2 10 6 35 49 93 80 65 79 92 23 34 15 47 33 64 48 22 62 45 32 63 91 78 46 9 21 31 14 43 59 30 61 77 44 60 89 76 90 20 29 3 5 28 75 58 74 88 42 19 27 41 73 57 72 13 18 26 56 71 87 40 8
1 4 16 11 7 12 55 70 100 86 39 69 85 99 54 25 68 98 84 53 38 17 52 37 96 83 97 67 51 24 50 82 66 94 81 95 36 2 49 93 80 65 79 92 35 23 34 15 64 48 33 47 22 63 91 78 46 32 62 45 9 21 31 14 61 77 44 60 89 76 90 30 43 59 20 29 6 10 3 75 58 74 88 42 28 19 41 73 57 72 27 13 18 56 71 87 40 26 8 5
